FORMAT 1
 0 1400.00000000 52999.99999999999554490 1.00000 pks 
 1 1400.00000000 53019.99999998597117923 1.00000 pks 
 2 1400.00000000 53040.00000000974068470 1.00000 pks 
 3 1400.00000000 53060.00000001070214140 1.00000 pks 
 4 1400.00000000 53080.00000001674415984 1.00000 pks 
 5 1400.00000000 53100.00000001697124219 1.00000 pks 
 6 1400.00000000 53120.00000001765474522 1.00000 pks 
 7 1400.00000000 53140.00000001356144352 1.00000 pks 
 8 1400.00000000 53159.99999998064153317 1.00000 pks 
 9 1400.00000000 53180.00000002170144242 1.00000 pks 
 10 1400.00000000 53199.99999999904599335 1.00000 pks 
 11 1400.00000000 53219.99999998839740201 1.00000 pks 
 12 1400.00000000 53239.99999999198070455 1.00000 pks 
 13 1400.00000000 53260.00000000254523869 1.00000 pks 
 14 1400.00000000 53280.00000001275322603 1.00000 pks 
 15 1400.00000000 53300.00000001977542397 1.00000 pks 
 16 1400.00000000 53320.00000000271873546 1.00000 pks 
 17 1400.00000000 53340.00000001823243068 1.00000 pks 
 18 1400.00000000 53359.99999999661571337 1.00000 pks 
 19 1400.00000000 53379.99999998998859496 1.00000 pks 
 20 1400.00000000 53399.99999999657013561 1.00000 pks 
 21 1400.00000000 53419.99999999177449439 1.00000 pks 
 22 1400.00000000 53440.00000002251828590 1.00000 pks 
 23 1400.00000000 53459.99999998615351515 1.00000 pks 
 24 1400.00000000 53479.99999997725232248 1.00000 pks 
 25 1400.00000000 53499.99999998219440656 1.00000 pks 
 26 1400.00000000 53519.99999998596915063 1.00000 pks 
 27 1400.00000000 53539.99999997786310502 1.00000 pks 
 28 1400.00000000 53560.00000000902995012 1.00000 pks 
 29 1400.00000000 53579.99999999868753164 1.00000 pks 
 30 1400.00000000 53599.99999999409864415 1.00000 pks 
 31 1400.00000000 53620.00000000747617790 1.00000 pks 
 32 1400.00000000 53639.99999998078076047 1.00000 pks 
 33 1400.00000000 53659.99999998101591103 1.00000 pks 
 34 1400.00000000 53679.99999997997431223 1.00000 pks 
 35 1400.00000000 53700.00000002038187574 1.00000 pks 
 36 1400.00000000 53719.99999999470378853 1.00000 pks 
 37 1400.00000000 53740.00000001604940536 1.00000 pks 
 38 1400.00000000 53760.00000000482690155 1.00000 pks 
 39 1400.00000000 53780.00000001452487908 1.00000 pks 
 40 1400.00000000 53800.00000001706854036 1.00000 pks 
 41 1400.00000000 53819.99999998974492854 1.00000 pks 
 42 1400.00000000 53840.00000000766183206 1.00000 pks 
 43 1400.00000000 53859.99999999069731160 1.00000 pks 
 44 1400.00000000 53880.00000001301687291 1.00000 pks 
 45 1400.00000000 53899.99999998581297689 1.00000 pks 
 46 1400.00000000 53919.99999999730167843 1.00000 pks 
 47 1400.00000000 53940.00000000143247902 1.00000 pks 
 48 1400.00000000 53960.00000000390682331 1.00000 pks 
 49 1400.00000000 53980.00000001897389978 1.00000 pks 
 50 1400.00000000 54000.00000000921315646 1.00000 pks 
 51 1400.00000000 54020.00000001905087998 1.00000 pks 
 52 1400.00000000 54039.99999998500394938 1.00000 pks 
 53 1400.00000000 54059.99999997663753959 1.00000 pks 
 54 1400.00000000 54079.99999998665351697 1.00000 pks 
 55 1400.00000000 54100.00000000014679102 1.00000 pks 
 56 1400.00000000 54119.99999997938985885 1.00000 pks 
 57 1400.00000000 54139.99999997849233679 1.00000 pks 
 58 1400.00000000 54160.00000002172177815 1.00000 pks 
 59 1400.00000000 54179.99999998453893468 1.00000 pks 
 60 1400.00000000 54200.00000002230515506 1.00000 pks 
 61 1400.00000000 54220.00000000421774971 1.00000 pks 
 62 1400.00000000 54240.00000002156313883 1.00000 pks 
 63 1400.00000000 54260.00000000219042562 1.00000 pks 
 64 1400.00000000 54280.00000001380249159 1.00000 pks 
 65 1400.00000000 54300.00000000756107355 1.00000 pks 
 66 1400.00000000 54319.99999999063725298 1.00000 pks 
 67 1400.00000000 54339.99999998258746814 1.00000 pks 
 68 1400.00000000 54359.99999997774715865 1.00000 pks 
 69 1400.00000000 54379.99999999261154926 1.00000 pks 
 70 1400.00000000 54399.99999999947112173 1.00000 pks 
 71 1400.00000000 54420.00000000563879254 1.00000 pks 
 72 1400.00000000 54439.99999998433558090 1.00000 pks 
 73 1400.00000000 54459.99999998907891907 1.00000 pks 
 74 1400.00000000 54479.99999999335908285 1.00000 pks 
 75 1400.00000000 54500.00000001680514572 1.00000 pks 
 76 1400.00000000 54520.00000002233323571 1.00000 pks 
 77 1400.00000000 54540.00000000779746756 1.00000 pks 
 78 1400.00000000 54560.00000001484339762 1.00000 pks 
 79 1400.00000000 54580.00000000237261588 1.00000 pks 
 80 1400.00000000 54599.99999998836705473 1.00000 pks 
 81 1400.00000000 54620.00000001984239617 1.00000 pks 
 82 1400.00000000 54640.00000000026713209 1.00000 pks 
 83 1400.00000000 54660.00000001973163677 1.00000 pks 
 84 1400.00000000 54679.99999999163100384 1.00000 pks 
 85 1400.00000000 54700.00000000286836510 1.00000 pks 
 86 1400.00000000 54719.99999999789321237 1.00000 pks 
 87 1400.00000000 54739.99999999996233413 1.00000 pks 
 88 1400.00000000 54760.00000000560887869 1.00000 pks 
 89 1400.00000000 54780.00000001656522386 1.00000 pks 
 90 1400.00000000 54800.00000001317789966 1.00000 pks 
 91 1400.00000000 54820.00000001781230097 1.00000 pks 
 92 1400.00000000 54840.00000001135960659 1.00000 pks 
 93 1400.00000000 54860.00000000638315356 1.00000 pks 
 94 1400.00000000 54880.00000000992314142 1.00000 pks 
 95 1400.00000000 54899.99999999589034161 1.00000 pks 
 96 1400.00000000 54920.00000000211896634 1.00000 pks 
 97 1400.00000000 54939.99999998606564944 1.00000 pks 
 98 1400.00000000 54960.00000001336967514 1.00000 pks 
 99 1400.00000000 54979.99999998196664563 1.00000 pks 
 100 1400.00000000 54999.99999999563735642 1.00000 pks
 101 1400.00000000 55019.99999997723812228 1.00000 pks
 102 1400.00000000 55039.99999999816500917 1.00000 pks
 103 1400.00000000 55060.00000000345291440 1.00000 pks
 104 1400.00000000 55080.00000000885006557 1.00000 pks
 105 1400.00000000 55099.99999998330034856 1.00000 pks
 106 1400.00000000 55119.99999998807204094 1.00000 pks
 107 1400.00000000 55139.99999999845059406 1.00000 pks
 108 1400.00000000 55160.00000001728932730 1.00000 pks
 109 1400.00000000 55180.00000000584313398 1.00000 pks
 110 1400.00000000 55199.99999998675695068 1.00000 pks
 111 1400.00000000 55219.99999999173223131 1.00000 pks
 112 1400.00000000 55239.99999999390651340 1.00000 pks
 113 1400.00000000 55260.00000000590100058 1.00000 pks
 114 1400.00000000 55280.00000000766988251 1.00000 pks
 115 1400.00000000 55300.00000002096805218 1.00000 pks
 116 1400.00000000 55319.99999999261419248 1.00000 pks
 117 1400.00000000 55339.99999997936970075 1.00000 pks
 118 1400.00000000 55360.00000000273495004 1.00000 pks
 119 1400.00000000 55379.99999998016779656 1.00000 pks
 120 1400.00000000 55400.00000001635594060 1.00000 pks
 121 1400.00000000 55419.99999998928432632 1.00000 pks
 122 1400.00000000 55439.99999997662768081 1.00000 pks
 123 1400.00000000 55460.00000001194623422 1.00000 pks
 124 1400.00000000 55480.00000002324863146 1.00000 pks
 125 1400.00000000 55499.99999997746772706 1.00000 pks
 126 1400.00000000 55519.99999999908723680 1.00000 pks
 127 1400.00000000 55539.99999999346625756 1.00000 pks
 128 1400.00000000 55559.99999998855614081 1.00000 pks
 129 1400.00000000 55579.99999999318260890 1.00000 pks
 130 1400.00000000 55600.00000000336794770 1.00000 pks
 131 1400.00000000 55620.00000001734668942 1.00000 pks
 132 1400.00000000 55640.00000000881815154 1.00000 pks
 133 1400.00000000 55660.00000000057130833 1.00000 pks
 134 1400.00000000 55680.00000000526722843 1.00000 pks
 135 1400.00000000 55700.00000002114234832 1.00000 pks
 136 1400.00000000 55720.00000000906820574 1.00000 pks
 137 1400.00000000 55739.99999999968272490 1.00000 pks
 138 1400.00000000 55759.99999999893749347 1.00000 pks
 139 1400.00000000 55780.00000001979641340 1.00000 pks
 140 1400.00000000 55799.99999997767302418 1.00000 pks
 141 1400.00000000 55820.00000000553775337 1.00000 pks
 142 1400.00000000 55840.00000000669005473 1.00000 pks
 143 1400.00000000 55860.00000001149989970 1.00000 pks
 144 1400.00000000 55880.00000000659490951 1.00000 pks
 145 1400.00000000 55900.00000001921129567 1.00000 pks
 146 1400.00000000 55920.00000002060481208 1.00000 pks
 147 1400.00000000 55940.00000002279966438 1.00000 pks
 148 1400.00000000 55960.00000001545433648 1.00000 pks
 149 1400.00000000 55980.00000001225961910 1.00000 pks
