FORMAT 1
MODE 1
 0 1400.00000000 53000.00000035775880391 0.71100 pks 
 1 1400.00000000 53020.00000032838582698 0.57900 pks 
 2 1400.00000000 53040.00000033687605239 0.56000 pks 
 3 1400.00000000 53060.00000032274685324 0.94500 pks 
 4 1400.00000000 53080.00000031416975332 0.57900 pks 
 5 1400.00000000 53100.00000030013514518 0.55900 pks 
 6 1400.00000000 53120.00000028687239606 0.66100 pks 
 7 1400.00000000 53140.00000026904127282 0.83200 pks 
 8 1400.00000000 53160.00000022260005750 0.55800 pks 
 9 1400.00000000 53180.00000025028656125 0.67600 pks 
 10 1400.00000000 53200.00000021455330312 0.78400 pks 
 11 1400.00000000 53220.00000019106670734 0.75500 pks 
 12 1400.00000000 53240.00000018205898655 0.80700 pks 
 13 1400.00000000 53260.00000018027487769 0.63300 pks 
 14 1400.00000000 53280.00000017843202826 0.66000 pks 
 15 1400.00000000 53300.00000017397664465 0.71300 pks 
 16 1400.00000000 53320.00000014581774366 0.91800 pks 
 17 1400.00000000 53340.00000015048266988 0.56900 pks 
 18 1400.00000000 53360.00000011833984104 0.80700 pks 
 19 1400.00000000 53380.00000010158908381 0.83800 pks 
 20 1400.00000000 53400.00000009827363812 0.85800 pks 
 21 1400.00000000 53420.00000008383918981 0.57900 pks 
 22 1400.00000000 53440.00000010532606964 1.00600 pks 
 23 1400.00000000 53460.00000006021631904 0.55900 pks 
 24 1400.00000000 53480.00000004303307932 0.51400 pks 
 25 1400.00000000 53500.00000003990281883 0.62100 pks 
 26 1400.00000000 53520.00000003578826480 0.68900 pks 
 27 1400.00000000 53540.00000001984512821 0.77600 pks 
 28 1400.00000000 53560.00000004316190783 0.94700 pks 
 29 1400.00000000 53580.00000002507125174 0.67400 pks 
 30 1400.00000000 53600.00000001273448902 0.88300 pks 
 31 1400.00000000 53620.00000001836289343 0.76800 pks 
 32 1400.00000000 53639.99999998388959455 0.66000 pks 
 33 1400.00000000 53659.99999997620183478 0.65200 pks 
 34 1400.00000000 53679.99999996736421082 0.77400 pks 
 35 1400.00000000 53700.00000000007546674 0.63000 pks 
 36 1400.00000000 53719.99999996697228610 0.66900 pks 
 37 1400.00000000 53739.99999998117080224 0.67300 pks 
 38 1400.00000000 53759.99999996288919846 0.47500 pks 
 39 1400.00000000 53779.99999996562421956 0.62100 pks 
 40 1400.00000000 53799.99999996143713332 0.71000 pks 
 41 1400.00000000 53819.99999992759449441 0.63300 pks 
 42 1400.00000000 53839.99999993931259468 0.69600 pks 
 43 1400.00000000 53859.99999991638754437 0.52400 pks 
 44 1400.00000000 53879.99999993294733969 0.70200 pks 
 45 1400.00000000 53899.99999990012704743 0.88300 pks 
 46 1400.00000000 53919.99999990608757727 0.46300 pks 
 47 1400.00000000 53939.99999990478433887 0.62600 pks 
 48 1400.00000000 53959.99999990179036757 0.52400 pks 
 49 1400.00000000 53979.99999991126345478 0.51400 pks 
 50 1400.00000000 53999.99999989589657190 0.78700 pks 
 51 1400.00000000 54019.99999990039946951 1.17700 pks 
 52 1400.00000000 54039.99999986150193720 0.67600 pks 
 53 1400.00000000 54059.99999984864289004 1.01500 pks 
 54 1400.00000000 54079.99999985430927296 0.60700 pks 
 55 1400.00000000 54099.99999986362736237 1.17700 pks 
 56 1400.00000000 54119.99999983888361754 0.67400 pks 
 57 1400.00000000 54139.99999983415422022 0.58800 pks 
 58 1400.00000000 54159.99999987354829045 0.93500 pks 
 59 1400.00000000 54179.99999983250409485 0.70900 pks 
 60 1400.00000000 54199.99999986639152638 0.66900 pks 
 61 1400.00000000 54219.99999984435880052 0.53800 pks 
 62 1400.00000000 54239.99999985766587329 0.76400 pks 
 63 1400.00000000 54259.99999983422407723 0.80000 pks 
 64 1400.00000000 54279.99999984180063706 0.53500 pks 
 65 1400.00000000 54299.99999983159668560 3.49100 pks 
 66 1400.00000000 54319.99999981077381506 0.63000 pks 
 67 1400.00000000 54339.99999979885097545 0.66400 pks 
 68 1400.00000000 54359.99999979022775065 5.18000 pks 
 69 1400.00000000 54379.99999980128669819 0.87600 pks 
 70 1400.00000000 54399.99999980436282954 0.65900 pks 
 71 1400.00000000 54419.99999980697103652 0.58300 pks 
 72 1400.00000000 54439.99999978227695152 0.64600 pks 
 73 1400.00000000 54459.99999978403492307 0.63300 pks 
 74 1400.00000000 54479.99999978594439654 0.80700 pks 
 75 1400.00000000 54499.99999980759069373 0.55800 pks 
 76 1400.00000000 54519.99999981198614307 0.54300 pks 
 77 1400.00000000 54539.99999979706794662 0.57900 pks 
 78 1400.00000000 54559.99999980443498160 0.93500 pks 
 79 1400.00000000 54579.99999979277597006 0.67400 pks 
 80 1400.00000000 54599.99999978016827029 0.70900 pks 
 81 1400.00000000 54619.99999981352005562 2.31100 pks 
 82 1400.00000000 54639.99999979620137225 0.44300 pks 
 83 1400.00000000 54659.99999981819341599 0.87500 pks 
 84 1400.00000000 54679.99999979276076090 0.53400 pks 
 85 1400.00000000 54699.99999980677596767 0.69000 pks 
 86 1400.00000000 54719.99999980459837090 0.71300 pks 
 87 1400.00000000 54739.99999980932201638 0.62800 pks 
 88 1400.00000000 54759.99999981756924683 0.69000 pks 
 89 1400.00000000 54779.99999983113985280 0.71700 pks 
 90 1400.00000000 54799.99999983061675835 0.66400 pks 
 91 1400.00000000 54819.99999983844299933 0.60700 pks 
 92 1400.00000000 54839.99999983551401073 1.48800 pks 
 93 1400.00000000 54859.99999983435974826 0.65900 pks 
 94 1400.00000000 54879.99999984207825676 0.66600 pks 
 95 1400.00000000 54899.99999983266508607 0.63200 pks 
 96 1400.00000000 54919.99999984410791498 0.63300 pks 
 97 1400.00000000 54939.99999983404167381 0.61000 pks 
 98 1400.00000000 54959.99999986806569297 0.53800 pks 
 99 1400.00000000 54979.99999984413077314 0.78100 pks 
 100 1400.00000000 54999.99999986581846301 0.66600 pks
 101 1400.00000000 55019.99999985595890450 0.65500 pks
 102 1400.00000000 55039.99999988585307520 0.69600 pks
 103 1400.00000000 55059.99999990049722598 0.71100 pks
 104 1400.00000000 55079.99999991553394452 0.91900 pks
 105 1400.00000000 55099.99999989972430825 0.65900 pks
 106 1400.00000000 55119.99999991428549251 0.63300 pks
 107 1400.00000000 55139.99999993454172298 0.66000 pks
 108 1400.00000000 55159.99999996341749764 0.65800 pks
 109 1400.00000000 55179.99999996192644502 0.65500 pks
 110 1400.00000000 55199.99999995263855368 0.65500 pks
 111 1400.00000000 55219.99999996733694019 0.65900 pks
 112 1400.00000000 55239.99999997923269390 0.71500 pks
 113 1400.00000000 55260.00000000111553433 0.67400 pks
 114 1400.00000000 55280.00000001302286279 0.52400 pks
 115 1400.00000000 55300.00000003669368454 0.67200 pks
 116 1400.00000000 55320.00000001886669310 0.80000 pks
 117 1400.00000000 55340.00000001609853939 0.65900 pks
 118 1400.00000000 55360.00000004983973056 0.53500 pks
 119 1400.00000000 55380.00000003747470245 0.64600 pks
 120 1400.00000000 55400.00000008372919424 0.65800 pks
 121 1400.00000000 55420.00000005848932716 0.44500 pks
 122 1400.00000000 55440.00000009474302232 0.90100 pks
 123 1400.00000000 55460.00000008439336341 0.53500 pks
 124 1400.00000000 55480.00000009701223291 0.85200 pks
 125 1400.00000000 55500.00000009949811286 0.62000 pks
 126 1400.00000000 55520.00000012206204758 0.67800 pks
 127 1400.00000000 55540.00000011730787008 0.93500 pks
 128 1400.00000000 55560.00000016022665505 0.44300 pks
 129 1400.00000000 55580.00000016527456737 1.05400 pks
 130 1400.00000000 55600.00000017554516774 0.80700 pks
 131 1400.00000000 55620.00000018915957156 0.70900 pks
 132 1400.00000000 55640.00000017981885136 0.54300 pks
 133 1400.00000000 55660.00000017008606434 0.61200 pks
 134 1400.00000000 55680.00000017290633281 0.76100 pks
 135 1400.00000000 55700.00000018675859792 0.91800 pks
 136 1400.00000000 55720.00000021964391905 0.86400 pks
 137 1400.00000000 55740.00000020789380173 0.65500 pks
 138 1400.00000000 55760.00000020449982330 0.84900 pks
 139 1400.00000000 55780.00000022229027508 0.62800 pks
 140 1400.00000000 55800.00000022379865072 0.61000 pks
 141 1400.00000000 55820.00000024774191942 0.56300 pks
 142 1400.00000000 55840.00000024453628811 0.79700 pks
 143 1400.00000000 55860.00000024444970492 0.70600 pks
 144 1400.00000000 55880.00000023414256489 0.67100 pks
 145 1400.00000000 55900.00000024090475392 0.68900 pks
 146 1400.00000000 55920.00000023594857979 0.53800 pks
 147 1400.00000000 55940.00000023130823479 0.58000 pks
 148 1400.00000000 55960.00000026388952890 0.71300 pks
 149 1400.00000000 55980.00000025302693984 0.55900 pks
